0 1 0.333333 0.2 0.142857 0.111111 0.0909091 0.0769231 0.0666667 0.0588235 0.0526316 0.047619 0.0434783 0.04 0.037037 0.0344828 0.0322581 0.030303 0.0285714 0.027027 0.025641 0.0243902 0.0232558 0.0222222 0.0212766 0.0204082 
0.05 0.98358 0.32351 0.192994 0.137414 0.10666 0.0871451 0.0736622 0.0637903 0.0562506 0.0503041 0.0454944 0.0415238 0.0381906 0.0353526 0.0329071 0.0307781 0.0289077 0.0272516 0.025775 0.0244501 0.0232548 0.0221709 0.0211835 0.0202803 0.019451 
0.1 0.967643 0.314029 0.186255 0.132188 0.102394 0.0835405 0.0705419 0.0610397 0.0537914 0.0480805 0.0434652 0.0396578 0.0364635 0.0337451 0.0314038 0.0293662 0.0275768 0.025993 0.0245811 0.0233147 0.0221723 0.0211366 0.0201934 0.0193307 0.0185388 
0.15 0.952172 0.30488 0.179772 0.127171 0.0983038 0.0800886 0.0675562 0.0584093 0.0514409 0.0459561 0.0415272 0.0378762 0.0348148 0.0322111 0.0299694 0.0280194 0.0263074 0.0247926 0.0234426 0.022232 0.0211403 0.0201508 0.0192497 0.0184257 0.0176694 
0.2 0.93715 0.296048 0.173535 0.122355 0.0943826 0.0767828 0.0646991 0.0558939 0.0491942 0.0439264 0.0396762 0.0361751 0.0332412 0.0307471 0.0286008 0.0267345 0.0250967 0.0236478 0.022357 0.0211998 0.0201565 0.0192109 0.0183501 0.0175631 0.0168408 
0.25 0.922562 0.287522 0.167533 0.11773 0.0906232 0.0736167 0.061965 0.0534883 0.0470467 0.0419871 0.0379084 0.0345509 0.031739 0.0293499 0.027295 0.0255088 0.0239418 0.022556 0.0213218 0.0202156 0.0192185 0.018315 0.0174927 0.016741 0.0160512 
0.3 0.908393 0.279291 0.161758 0.11329 0.0870188 0.0705843 0.0593485 0.0511876 0.044994 0.0401342 0.0362199 0.0330001 0.0303051 0.0280166 0.026049 0.0243394 0.0228402 0.0215148 0.0203347 0.0192772 0.0183243 0.017461 0.0166754 0.0159574 0.0152986 
0.35 0.894628 0.271343 0.156201 0.109026 0.0835627 0.0676799 0.0568446 0.0489874 0.0430319 0.0383638 0.0346072 0.0315193 0.0289364 0.0267441 0.0248602 0.0232239 0.0217895 0.0205218 0.0193934 0.0183825 0.0174717 0.0166469 0.0158963 0.0152105 0.0145814 
0.4 0.881254 0.263667 0.150853 0.104931 0.0802487 0.064898 0.0544482 0.046883 0.0411563 0.0366723 0.0330669 0.0301054 0.0276297 0.0255296 0.0237258 0.0221597 0.0207873 0.0195748 0.0184958 0.0175294 0.0166589 0.0158708 0.0151537 0.0144987 0.0138979 
0.45 0.868257 0.256254 0.145705 0.100999 0.0770709 0.0622334 0.0521547 0.0448703 0.0393634 0.035056 0.0315956 0.0287553 0.0263825 0.0243706 0.0226434 0.0211444 0.0198313 0.0186715 0.0176398 0.016716 0.015884 0.0151309 0.0144459 0.0138202 0.0132464 
0.5 0.855624 0.249094 0.140751 0.097222 0.0740235 0.0596809 0.0499597 0.0429453 0.0376495 0.0335116 0.0301903 0.0274662 0.0251918 0.0232645 0.0216106 0.0201758 0.0189194 0.0178101 0.0168235 0.0159404 0.0151453 0.0144256 0.0137712 0.0131735 0.0126255 
0.55 0.843344 0.242176 0.135981 0.0935944 0.071101 0.0572359 0.0478588 0.0411041 0.0360111 0.0320359 0.028848 0.0262352 0.0240552 0.0222088 0.0206251 0.0192517 0.0180496 0.0169885 0.0160451 0.0152009 0.0144409 0.0137533 0.0131281 0.0125572 0.0120338 
0.6 0.831403 0.235493 0.131389 0.0901099 0.0682982 0.0548936 0.0458479 0.039343 0.0344449 0.0306258 0.0275659 0.0250598 0.0229701 0.0212012 0.0196847 0.0183702 0.0172199 0.016205 0.0153029 0.0144958 0.0137694 0.0131123 0.012515 0.0119697 0.0114699 
0.65 0.819791 0.229034 0.126967 0.0867627 0.06561 0.0526496 0.0439232 0.0376585 0.0329475 0.0292784 0.0263412 0.0239374 0.0219343 0.0202396 0.0187874 0.0175291 0.0164285 0.0154577 0.014595 0.0138234 0.0131292 0.0125013 0.0119306 0.0114097 0.0109324 
0.7 0.808496 0.222793 0.12271 0.0835471 0.0630317 0.0504999 0.0420809 0.0360472 0.031516 0.0279908 0.0251713 0.0228656 0.0209454 0.0193218 0.0179311 0.0167267 0.0156736 0.0147449 0.01392 0.0131823 0.0125188 0.0119188 0.0113736 0.010876 0.0104201 
0.75 0.797508 0.216761 0.118611 0.0804578 0.0605585 0.0484402 0.0403173 0.0345058 0.0301475 0.0267604 0.0240538 0.0218421 0.0200014 0.0184458 0.0171141 0.0159612 0.0149535 0.0140652 0.0132763 0.0125711 0.0119369 0.0113635 0.0108426 0.0103673 0.00993191 
0.8 0.786816 0.21093 0.114662 0.0774896 0.0581862 0.0464669 0.0386292 0.0330314 0.0288391 0.0255846 0.0229863 0.0208647 0.0191002 0.0176098 0.0163344 0.0152308 0.0142665 0.0134168 0.0126624 0.0119882 0.011382 0.0108341 0.0103365 0.00988245 0.0094666 
0.85 0.776412 0.205292 0.11086 0.0746375 0.0559105 0.0445761 0.0370131 0.031621 0.0275881 0.0244609 0.0219666 0.0199314 0.0182398 0.0168118 0.0155904 0.014534 0.0136113 0.0127984 0.012077 0.0114324 0.010853 0.0103295 0.00985398 0.0094203 0.00902313 
0.9 0.766284 0.199841 0.107197 0.071897 0.0537273 0.0427644 0.035466 0.0302717 0.0263921 0.0233872 0.0209925 0.0190401 0.0174184 0.0160502 0.0148805 0.0138692 0.0129862 0.0122087 0.0115188 0.0109025 0.0103487 0.00984834 0.00939407 0.00897979 0.00860046 
0.95 0.756424 0.19457 0.103668 0.0692633 0.0516328 0.0410284 0.033985 0.0289809 0.0252486 0.022361 0.0200619 0.018189 0.0166342 0.0153232 0.014203 0.0132349 0.01239 0.0116461 0.0109864 0.0103972 0.00986783 0.00938969 0.00895566 0.00855992 0.00819763 
1 0.746824 0.189472 0.100269 0.0667323 0.0496232 0.0393649 0.032567 0.027746 0.0241553 0.0213803 0.0191729 0.0173761 0.0158855 0.0146293 0.0135565 0.0126297 0.0118212 0.0111096 0.0104786 0.00991533 0.00940937 0.00895244 0.00853775 0.00815971 0.00781369 
1.05 0.737474 0.184541 0.0969934 0.0642996 0.0476951 0.0377707 0.0312095 0.0265646 0.0231099 0.020443 0.0183237 0.0165998 0.0151707 0.0139671 0.0129396 0.0120523 0.0112786 0.0105979 0.00999446 0.00945588 0.00897225 0.00853559 0.00813937 0.00777825 0.00744776 
1.1 0.728367 0.179771 0.0938372 0.0619615 0.0458451 0.0362429 0.0299097 0.0254342 0.0221103 0.0195473 0.0175124 0.0158585 0.0144883 0.0133349 0.0123508 0.0115015 0.010761 0.0101098 0.0095327 0.00901776 0.00855548 0.00813818 0.00775962 0.00741465 0.00709899 
1.15 0.719495 0.175156 0.0907957 0.0597139 0.0440698 0.0347788 0.0286652 0.0243528 0.0211545 0.0186912 0.0167373 0.0151505 0.0138368 0.0127315 0.011789 0.0109758 0.0102672 0.00964425 0.00909234 0.0086 0.00815812 0.00775932 0.00739762 0.00706807 0.00676659 
1.2 0.710849 0.17069 0.0878644 0.0575533 0.0423662 0.0333755 0.0274737 0.0233181 0.0202405 0.017873 0.0159968 0.0144743 0.0132147 0.0121556 0.0112528 0.0104743 0.0097962 0.00920022 0.00867237 0.00820164 0.00777925 0.00739814 0.00705254 0.00673773 0.00644977 
1.25 0.702423 0.166367 0.085039 0.0554761 0.0407312 0.0320306 0.0263327 0.0223281 0.0193666 0.0170909 0.0152893 0.0138285 0.0126208 0.0116058 0.0107412 0.00999586 0.00934686 0.00877669 0.00827186 0.00782178 0.00741802 0.0070538 0.00672359 0.00642285 0.00614781 
1.3 0.69421 0.162184 0.0823155 0.0534791 0.0391622 0.0307415 0.0252401 0.0213808 0.0185309 0.0163435 0.0146134 0.0132118 0.0120537 0.0110811 0.0102529 0.00953932 0.0089182 0.00837272 0.0078899 0.00745956 0.00707361 0.00672552 0.00641001 0.00612271 0.00586001 
1.35 0.686203 0.158134 0.0796898 0.0515589 0.0376562 0.0295058 0.0241939 0.0204744 0.0177317 0.0156291 0.0139677 0.0126227 0.0115123 0.0105802 0.0097869 0.00910371 0.00850927 0.00798741 0.00752563 0.00711416 0.00674522 0.00641256 0.00611108 0.00583662 0.00558571 
1.4 0.678395 0.154213 0.0771583 0.0497124 0.0362107 0.0283213 0.023192 0.019607 0.0169674 0.0149463 0.0133507 0.0120602 0.0109953 0.010102 0.00934219 0.00868808 0.00811916 0.00761988 0.00717822 0.00678478 0.00643211 0.00611418 0.00582613 0.00556393 0.00532426 
1.45 0.670779 0.150417 0.0747174 0.0479368 0.0348233 0.0271859 0.0222326 0.0187771 0.0162366 0.0142936 0.0127613 0.0115228 0.0105017 0.00964562 0.00891777 0.0082915 0.007747 0.00726932 0.00684689 0.0064707 0.00613357 0.00582972 0.00555448 0.00530399 0.00507507 
1.5 0.663351 0.14674 0.0723635 0.0462292 0.0334914 0.0260974 0.0213137 0.0179829 0.0155376 0.0136697 0.012198 0.0110096 0.0100304 0.00920994 0.00851274 0.0079131 0.00739197 0.00693494 0.00653091 0.0061712 0.00584892 0.00555853 0.00529553 0.00505623 0.00483757 
1.55 0.656103 0.143179 0.0700934 0.0445868 0.0322128 0.0250539 0.0204337 0.0172228 0.0148691 0.0130734 0.0116599 0.0105194 0.00958038 0.00879404 0.00812618 0.00755203 0.00705326 0.00661599 0.00622955 0.00588559 0.00557751 0.00529997 0.00504867 0.00482006 0.0046112 
1.6 0.649031 0.13973 0.0679038 0.0430071 0.0309853 0.0240534 0.0195909 0.0164955 0.0142298 0.0125033 0.0111457 0.0100512 0.00915068 0.00839703 0.00775726 0.00720751 0.00673012 0.00631175 0.00594213 0.00561324 0.00531872 0.00505347 0.00481334 0.00459493 0.00439544 
1.65 0.642129 0.136388 0.0657917 0.0414875 0.0298067 0.0230942 0.0187837 0.0157994 0.0136184 0.0119584 0.0106544 0.00960405 0.00874038 0.00801803 0.00740517 0.00687877 0.00642185 0.00602155 0.00566801 0.00535352 0.00507197 0.00481845 0.004589 0.00438034 0.00418979 
1.7 0.635391 0.133149 0.0637541 0.0400256 0.0286752 0.0221745 0.0180105 0.0151332 0.0130336 0.0114375 0.010185 0.0091769 0.00834859 0.00765624 0.00706913 0.00656509 0.00612775 0.00574474 0.00540658 0.00510585 0.00483669 0.00459439 0.00437514 0.00417579 0.00399378 
1.75 0.628812 0.130011 0.0617882 0.0386192 0.0275887 0.0212926 0.0172699 0.0144956 0.0124743 0.0109395 0.00973643 0.0087689 0.00797448 0.00731087 0.00674842 0.00626577 0.00584716 0.00548069 0.00515724 0.00486967 0.00461236 0.00438077 0.00417126 0.00398081 0.00380695 
1.8 0.622388 0.126969 0.0598913 0.037266 0.0265453 0.020447 0.0165605 0.0138853 0.0119393 0.0104635 0.0093078 0.00837917 0.00761724 0.00698116 0.00644233 0.00598016 0.00557947 0.00522882 0.00491943 0.00464444 0.00439845 0.00417711 0.0039769 0.00379495 0.00362888 
1.85 0.616114 0.124021 0.0580608 0.035964 0.0255434 0.019636 0.0158809 0.0133013 0.0114276 0.0100085 0.00889822 0.0080069 0.00727611 0.0066664 0.00615018 0.00570762 0.00532409 0.00498857 0.00469262 0.00442966 0.00419449 0.00398293 0.00379162 0.00361779 0.00345915 
1.9 0.609984 0.121162 0.0562941 0.034711 0.0245812 0.0188584 0.0152299 0.0127422 0.0109381 0.0095734 0.00850683 0.0076513 0.00695036 0.00636592 0.00587135 0.00544755 0.00508043 0.00475938 0.0044763 0.00422483 0.004 0.0037978 0.00361499 0.0034489 0.00329737 
1.95 0.603996 0.11839 0.0545889 0.0335052 0.023657 0.0181126 0.0146063 0.0122071 0.0104699 0.00915748 0.00813283 0.00731162 0.00663929 0.00607905 0.00560523 0.00519939 0.00484797 0.00454077 0.00426998 0.00402951 0.00381456 0.0036213 0.0034466 0.00328792 0.00314317 
2 0.598144 0.115702 0.0529428 0.0323447 0.0227694 0.0173973 0.0140088 0.0116949 0.010022 0.00875984 0.00777542 0.00698714 0.00634224 0.00580519 0.00535123 0.00496258 0.00462619 0.00433223 0.00407319 0.00384323 0.00363774 0.00345301 0.00328607 0.00313447 0.00299619 
2.05 0.592424 0.113095 0.0513537 0.0312277 0.0219168 0.0167113 0.0134364 0.0112046 0.00959362 0.00837967 0.00743387 0.00667717 0.00605857 0.00554374 0.00510879 0.0047366 0.00441459 0.0041333 0.00388551 0.0036656 0.00346913 0.00329256 0.00313303 0.00298819 0.0028561 
2.1 0.586833 0.110566 0.0498193 0.0301525 0.0210978 0.0160533 0.012888 0.0107352 0.00918379 0.0080162 0.00710747 0.00638107 0.00578767 0.00529413 0.00487739 0.00452096 0.0042127 0.00394353 0.0037065 0.00349619 0.00330836 0.00313959 0.00298714 0.00284875 0.00272257 
2.15 0.581367 0.108112 0.0483378 0.0291174 0.020311 0.0154221 0.0123626 0.0102859 0.00879173 0.00766868 0.00679554 0.0060982 0.00552897 0.00505582 0.00465653 0.00431518 0.00402009 0.00376251 0.00353576 0.00333464 0.00315505 0.00299374 0.00284805 0.00271583 0.0025953 
2.2 0.576021 0.105731 0.046907 0.0281208 0.0195552 0.0148167 0.0118591 0.00985577 0.00841667 0.00733641 0.00649744 0.00582798 0.00528191 0.00482831 0.00444572 0.0041188 0.00383631 0.00358983 0.00337291 0.00318057 0.00300887 0.00285468 0.00271545 0.00258912 0.00247398 
2.25 0.570792 0.103421 0.0455251 0.0271614 0.0188289 0.0142359 0.0113767 0.00944397 0.00805785 0.00701872 0.00621254 0.00556983 0.00504596 0.00461109 0.0042445 0.00393141 0.00366097 0.00342509 0.00321758 0.00303364 0.00286948 0.00272209 0.00258904 0.00246833 0.00235834 
2.3 0.565678 0.101178 0.0441902 0.0262375 0.0181312 0.0136787 0.0109144 0.00904972 0.00771456 0.00671495 0.00594027 0.00532321 0.00482063 0.0044037 0.00405244 0.00375257 0.00349368 0.00326795 0.00306943 0.00289351 0.00273656 0.00259567 0.00246852 0.00235319 0.00224812 
2.35 0.560673 0.0990009 0.0429007 0.0253478 0.0174607 0.0131441 0.0104714 0.00867226 0.00738613 0.00642449 0.00568004 0.0050876 0.00460544 0.0042057 0.00386911 0.00358191 0.00333406 0.00311804 0.00292812 0.00275988 0.00260981 0.00247514 0.00235363 0.00224344 0.00214306 
2.4 0.555776 0.0968872 0.0416549 0.024491 0.0168164 0.0126312 0.0100469 0.00831087 0.0070719 0.00614675 0.00543133 0.0048625 0.00439991 0.00401665 0.00369411 0.00341904 0.00318176 0.00297503 0.00279334 0.00263243 0.00248895 0.00236022 0.00224409 0.00213881 0.00204292 
2.45 0.550984 0.0948347 0.0404511 0.0236657 0.0161972 0.0121391 0.0096401 0.00796485 0.00677125 0.00588117 0.00519362 0.00464745 0.00420363 0.00383616 0.00352708 0.00326362 0.00303645 0.0028386 0.00266478 0.00251089 0.0023737 0.00225065 0.00213967 0.00203907 0.00194746 
2.5 0.546292 0.0928414 0.0392878 0.0228708 0.0156022 0.0116669 0.0092502 0.00763353 0.00648359 0.00562722 0.00496643 0.00444199 0.00401616 0.00366382 0.00336763 0.00311529 0.00289779 0.00270845 0.00254216 0.00239497 0.0022638 0.00214617 0.00204011 0.00194399 0.00185648 
2.55 0.541699 0.0909053 0.0381636 0.0221051 0.0150302 0.0112138 0.00887651 0.00731628 0.00620835 0.00538436 0.00474927 0.00424569 0.00383712 0.00349927 0.00321544 0.00297373 0.0027655 0.00258429 0.00242519 0.00228442 0.002159 0.00204656 0.00194519 0.00185335 0.00176975 
2.6 0.537201 0.0890244 0.0370769 0.0213674 0.0144805 0.010779 0.00851835 0.0070125 0.00594498 0.00515213 0.00454171 0.00405814 0.00366611 0.00334216 0.00307015 0.00283864 0.00263927 0.00246584 0.00231363 0.00217899 0.00205907 0.00195158 0.0018547 0.00176694 0.00168708 
2.65 0.532795 0.087197 0.0360264 0.0206567 0.013952 0.0103617 0.00817505 0.00672159 0.00569296 0.00493004 0.00434332 0.00387895 0.00350278 0.00319215 0.00293147 0.00270971 0.00251882 0.00235284 0.00220721 0.00207844 0.00196377 0.00186102 0.00176843 0.00168457 0.00160828 
2.7 0.52848 0.0854212 0.0350108 0.0199719 0.013444 0.00996126 0.00784598 0.00644302 0.00545181 0.00471765 0.00415368 0.00370774 0.00334678 0.00304891 0.00279908 0.00258666 0.0024039 0.00224504 0.00210571 0.00198254 0.00187289 0.00177467 0.00168618 0.00160605 0.00153316 
2.75 0.524252 0.0836953 0.0340288 0.019312 0.0129556 0.0095769 0.00753055 0.00617624 0.00522105 0.00451453 0.00397241 0.00354416 0.00319778 0.00291214 0.00267271 0.00246923 0.00229424 0.00214219 0.00200888 0.00189108 0.00178624 0.00169234 0.00160776 0.0015312 0.00146156 
2.8 0.52011 0.0820178 0.0330792 0.018676 0.0124861 0.00920798 0.00722817 0.00592075 0.00500021 0.00432028 0.00379914 0.00338785 0.00305547 0.00278154 0.00255207 0.00235715 0.0021896 0.00204407 0.00191653 0.00180385 0.0017036 0.00161383 0.001533 0.00145984 0.00139331 
2.85 0.51605 0.0803869 0.0321608 0.0180631 0.0120346 0.00885387 0.0069383 0.00567606 0.00478888 0.00413449 0.00363351 0.00323851 0.00291953 0.00265684 0.00243691 0.00225019 0.00208976 0.00195047 0.00182843 0.00172066 0.00162479 0.00153898 0.00146172 0.00139181 0.00132826 
2.9 0.51207 0.0788012 0.0312725 0.0174723 0.0116005 0.00851395 0.00666039 0.00544171 0.00458663 0.0039568 0.00347518 0.0030958 0.00278969 0.00253776 0.00232697 0.0021481 0.00199448 0.00186116 0.0017444 0.00164131 0.00154964 0.0014676 0.00139377 0.00132696 0.00126624 
2.95 0.508169 0.0772592 0.0304132 0.0169028 0.011183 0.00818764 0.00639396 0.00521725 0.00439307 0.00378686 0.00332383 0.00295944 0.00266567 0.00242406 0.00222202 0.00205067 0.00190357 0.00177596 0.00166424 0.00156563 0.00147798 0.00139955 0.00132898 0.00126514 0.00120713 
3 0.504344 0.0757594 0.0295819 0.0163537 0.0107815 0.00787438 0.00613851 0.00500227 0.00420782 0.00362431 0.00317914 0.00282914 0.0025472 0.00231548 0.00212183 0.00195768 0.00181682 0.00169468 0.00158778 0.00149346 0.00140963 0.00133466 0.00126721 0.00120621 0.00115078 
3.05 0.500592 0.0743005 0.0287775 0.0158243 0.0103953 0.00757362 0.00589358 0.00479634 0.00403052 0.00346884 0.00304082 0.00270463 0.00243404 0.0022118 0.00202618 0.00186892 0.00173404 0.00161713 0.00151484 0.00142462 0.00134446 0.00127278 0.00120831 0.00115002 0.00109707 
3.1 0.496913 0.0728812 0.0279991 0.0153139 0.0100239 0.00728485 0.00565873 0.00459909 0.00386082 0.00332013 0.00290858 0.00258565 0.00232594 0.00211279 0.00193487 0.00178421 0.00165505 0.00154314 0.00144526 0.00135896 0.00128231 0.00121378 0.00115216 0.00109646 0.00104587 
3.15 0.493303 0.0715002 0.0272458 0.0148217 0.00966666 0.00700758 0.00543354 0.00441014 0.0036984 0.00317788 0.00278216 0.00247196 0.00222268 0.00201825 0.0018477 0.00170336 0.00157967 0.00147255 0.00137889 0.00129634 0.00122304 0.00115752 0.00109862 0.0010454 0.000997058 
3.2 0.489762 0.0701563 0.0265166 0.014347 0.00932298 0.00674134 0.00521759 0.00422913 0.00354293 0.00304182 0.0026613 0.00236331 0.00212404 0.00192796 0.00176448 0.00162619 0.00150774 0.0014052 0.00131558 0.00123661 0.00116651 0.00110388 0.00104758 0.000996715 0.000950532 
3.25 0.486287 0.0688482 0.0258108 0.0138892 0.00899234 0.00648568 0.0050105 0.00405573 0.00339412 0.00291166 0.00254575 0.00225948 0.00202982 0.00184173 0.00168502 0.00155253 0.0014391 0.00134094 0.00125519 0.00117964 0.00111261 0.00105272 0.000998915 0.000950306 0.000906181 
3.3 0.482877 0.0675748 0.0251275 0.0134476 0.00867424 0.00624015 0.00481189 0.00388961 0.00325167 0.00278716 0.00243528 0.00216026 0.00193981 0.00175939 0.00160917 0.00148222 0.0013736 0.00127963 0.00119757 0.00112531 0.0010612 0.00100395 0.000952515 0.000906062 0.000863904 
3.35 0.479529 0.0663351 0.0244658 0.0130216 0.00836817 0.00600435 0.00462142 0.00373046 0.00311531 0.00266805 0.00232965 0.00206543 0.00185382 0.00168076 0.00153675 0.00141512 0.00131109 0.00122114 0.00114261 0.00107349 0.00101217 0.000957437 0.000908275 0.000863883 0.000823602 
3.4 0.476243 0.0651279 0.023825 0.0126106 0.00807365 0.00577788 0.00443874 0.00357798 0.00298478 0.00255412 0.00222867 0.00197481 0.00177167 0.00160567 0.0014676 0.00135107 0.00125144 0.00116533 0.00109018 0.00102405 0.00096542 0.000913086 0.000866094 0.00082367 0.000785184 
3.45 0.473016 0.0639522 0.0232045 0.012214 0.00779023 0.00556035 0.00426351 0.00343189 0.00285982 0.00244511 0.00213211 0.0018882 0.00169319 0.00153395 0.00140159 0.00128993 0.00119451 0.00111208 0.00104017 0.000976907 0.000920832 0.000870795 0.000825876 0.000785334 0.000748562 
3.5 0.469847 0.0628071 0.0226034 0.0118314 0.00751747 0.00535141 0.00409544 0.00329191 0.00274019 0.00234083 0.00203978 0.00180543 0.00161822 0.00146546 0.00133856 0.00123157 0.00114019 0.00106127 0.000992457 0.000931937 0.000878308 0.000830467 0.00078753 0.000748786 0.000713651 
3.55 0.466735 0.0616916 0.0220211 0.0114621 0.00725495 0.00515069 0.00393423 0.00315779 0.00262566 0.00224107 0.0019515 0.00172633 0.0015466 0.00140004 0.00127839 0.00117587 0.00108835 0.0010128 0.000946941 0.000889043 0.000837754 0.000792012 0.000750969 0.000713942 0.000680371 
3.6 0.463677 0.0606047 0.021457 0.0111057 0.00700227 0.00495788 0.00377957 0.00302927 0.00251601 0.00214562 0.00186709 0.00165072 0.00147817 0.00133757 0.00122094 0.0011227 0.00103887 0.000966544 0.00090352 0.00084813 0.000799077 0.000755342 0.000716109 0.000680723 0.000648646 
3.65 0.460674 0.0595456 0.0209104 0.0107617 0.00675904 0.00477263 0.00363121 0.00290611 0.00241103 0.0020543 0.00178637 0.00157846 0.00141279 0.00127791 0.00116608 0.00107194 0.000991658 0.000922412 0.000862097 0.000809105 0.000762191 0.000720374 0.000682871 0.000649052 0.000618404 
3.7 0.457722 0.0585134 0.0203806 0.0104297 0.00652489 0.00459465 0.00348888 0.00278809 0.00231051 0.00196692 0.00170919 0.00150939 0.00135033 0.00122092 0.0011137 0.0010235 0.000946599 0.000880303 0.00082258 0.000771882 0.000727013 0.000687029 0.000651179 0.000618859 0.000589574 
3.75 0.454822 0.0575072 0.0198672 0.0101091 0.00629946 0.00442365 0.00335232 0.00267499 0.00221427 0.00188332 0.00163538 0.00144338 0.00129066 0.0011665 0.00106369 0.000977249 0.000903596 0.000840124 0.00078488 0.000736377 0.000693463 0.000655231 0.000620962 0.000590073 0.00056209 
3.8 0.451971 0.0565264 0.0193695 0.00979958 0.00608241 0.00425933 0.0032213 0.00256659 0.00212212 0.00180333 0.0015648 0.00138028 0.00123364 0.00111452 0.00101594 0.000933103 0.000862556 0.000801786 0.000748915 0.00070251 0.000661465 0.000624909 0.00059215 0.000562628 0.000535891 
3.85 0.449169 0.05557 0.0188871 0.00950072 0.00587342 0.00410143 0.00309558 0.00246271 0.00203388 0.00172679 0.00149731 0.00131997 0.00117917 0.00106487 0.00097035 0.000890962 0.000823388 0.000765205 0.000714603 0.000670206 0.000630948 0.000595994 0.000564678 0.000536463 0.000510914 
3.9 0.446414 0.0546374 0.0184193 0.00921211 0.00567216 0.00394969 0.00297496 0.00236314 0.00194939 0.00165355 0.00143276 0.00126232 0.00112712 0.00101745 0.000926815 0.000850734 0.000786007 0.0007303 0.000681869 0.000639392 0.000601843 0.00056842 0.000538483 0.000511517 0.000487105 
3.95 0.443705 0.0537279 0.0179657 0.00893338 0.00547835 0.00380385 0.0028592 0.00226771 0.00186848 0.00158347 0.00137104 0.00120722 0.00107739 0.000972153 0.000885246 0.000812333 0.000750331 0.000696993 0.00065064 0.000609999 0.000574085 0.000542125 0.000513506 0.000487734 0.000464407 
4 0.441041 0.0528406 0.0175258 0.00866416 0.00529168 0.00366369 0.00274812 0.00217624 0.00179099 0.0015164 0.001312 0.00115455 0.00102987 0.000928891 0.000845553 0.000775674 0.000716283 0.000665212 0.000620847 0.000581962 0.000547611 0.00051705 0.000489691 0.000465059 0.000442768 
4.05 0.43842 0.0519751 0.0170991 0.0084041 0.00511189 0.00352897 0.00264151 0.00208856 0.00171679 0.00145222 0.00125554 0.0011042 0.000984467 0.000887568 0.000807651 0.000740679 0.000683786 0.000634885 0.000592422 0.000555218 0.000522361 0.000493138 0.000466983 0.00044344 0.00042214 
4.1 0.435843 0.0511305 0.0166852 0.00815286 0.0049387 0.00339947 0.0025392 0.00200451 0.00164572 0.00139081 0.00120154 0.00105607 0.000941083 0.000848097 0.000771458 0.00070727 0.000652771 0.000605947 0.000565304 0.000529706 0.000498278 0.000470334 0.00044533 0.000422829 0.000402475 
4.15 0.433307 0.0503063 0.0162837 0.00791012 0.00477186 0.00327498 0.00244101 0.00192393 0.00157766 0.00133203 0.0011499 0.00101006 0.000899627 0.000810395 0.000736898 0.000675378 0.000623169 0.000578334 0.000539432 0.000505371 0.000475309 0.000448588 0.000424684 0.000403177 0.000383728 
4.2 0.430812 0.0495019 0.0158941 0.00767557 0.00461112 0.0031553 0.00234675 0.00184669 0.00151248 0.00127578 0.0011005 0.000966074 0.000860015 0.000774381 0.000703896 0.000644931 0.000594916 0.000551984 0.000514748 0.000482158 0.000453402 0.00042785 0.000404997 0.000384441 0.000365855 
4.25 0.428356 0.0487167 0.015516 0.00744891 0.00445625 0.00304024 0.00225628 0.00177264 0.00145004 0.00122194 0.00105326 0.000924026 0.000822162 0.00073998 0.000672382 0.000615865 0.00056795 0.00052684 0.000491198 0.000460014 0.000432508 0.000408073 0.000386225 0.000366578 0.000348817 
4.3 0.42594 0.0479502 0.0151491 0.00722985 0.00430702 0.00292961 0.00216944 0.00170164 0.00139024 0.00117042 0.00100807 0.000883829 0.000785991 0.000707119 0.000642288 0.000588116 0.000542213 0.000502846 0.00046873 0.000438891 0.00041258 0.000389213 0.000368325 0.000349546 0.000332574 
4.35 0.423561 0.0472016 0.0147929 0.00701812 0.00416322 0.00282324 0.00208607 0.00163357 0.00133297 0.0011211 0.000964847 0.000845401 0.000751426 0.000675729 0.000613549 0.000561624 0.000517648 0.00047995 0.000447293 0.000418741 0.000393572 0.000371226 0.000351257 0.000333308 0.000317089 
4.4 0.421219 0.0464707 0.0144471 0.00681344 0.00402463 0.00272095 0.00200603 0.00156831 0.0012781 0.0010739 0.000923503 0.000808661 0.000718395 0.000645743 0.000586105 0.000536332 0.000494201 0.000458101 0.00042684 0.000399519 0.000375443 0.000354074 0.000334982 0.000317825 0.000302326 
4.45 0.418914 0.0457568 0.0141114 0.00661557 0.00389106 0.00262258 0.00192919 0.00150573 0.00122554 0.00102872 0.000883954 0.000773537 0.000686829 0.000617098 0.000559897 0.000512186 0.000471821 0.00043725 0.000407326 0.000381182 0.000358152 0.000337716 0.000319463 0.000303064 0.000288252 
4.5 0.416643 0.0450594 0.0137855 0.00642426 0.00376231 0.00252798 0.00185542 0.00144572 0.00117519 0.000985479 0.000846123 0.000739955 0.000656664 0.000589734 0.000534869 0.000489133 0.00045046 0.000417353 0.000388708 0.00036369 0.000341659 0.000322116 0.000304664 0.00028899 0.000274835 
4.55 0.414408 0.0443781 0.0134689 0.00623926 0.0036382 0.00243699 0.00178458 0.00138817 0.00112696 0.000944085 0.000809934 0.000707848 0.000627836 0.000563593 0.000510967 0.000467124 0.000430071 0.000398366 0.000370944 0.000347004 0.000325928 0.000307238 0.000290553 0.00027557 0.000262043 
4.6 0.412205 0.0437123 0.0131614 0.00606036 0.00351855 0.00234947 0.00171656 0.00133299 0.00108076 0.00090446 0.000775315 0.00067715 0.000600285 0.000538619 0.00048814 0.000446111 0.000410609 0.000380245 0.000353995 0.000331086 0.000310924 0.000293049 0.000277097 0.000262775 0.000249848 
4.65 0.410036 0.0430618 0.0128628 0.00588734 0.0034032 0.00226529 0.00165125 0.00128006 0.00103649 0.000866528 0.000742197 0.000647799 0.000573955 0.000514761 0.00046634 0.000426048 0.000392032 0.000362953 0.000337823 0.0003159 0.000296613 0.000279518 0.000264266 0.000250576 0.000238222 
4.7 0.407899 0.0424259 0.0125726 0.00571997 0.00329197 0.00218431 0.00158852 0.00122931 0.000994077 0.000830216 0.000710514 0.000619735 0.000548791 0.000491969 0.00044552 0.000406894 0.0003743 0.000346451 0.000322394 0.000301413 0.000282962 0.000266613 0.00025203 0.000238944 0.000227138 
4.75 0.405793 0.0418044 0.0122907 0.00555807 0.00318472 0.0021064 0.00152828 0.00118063 0.000953442 0.000795454 0.000680203 0.000592902 0.000524741 0.000470194 0.000425636 0.000388605 0.000357375 0.000330702 0.000307671 0.000287593 0.000269941 0.000254305 0.000240362 0.000227853 0.00021657 
4.8 0.403718 0.0411967 0.0120167 0.00540144 0.00308128 0.00203144 0.00147042 0.00113393 0.000914507 0.000762174 0.000651204 0.000567244 0.000501756 0.00044939 0.000406646 0.000371143 0.000341218 0.000315672 0.000293624 0.000274409 0.000257522 0.000242568 0.000229236 0.000217279 0.000206496 
4.85 0.401673 0.0406026 0.0117504 0.00524988 0.00298153 0.00195932 0.00141485 0.00108915 0.0008772 0.000730312 0.00062346 0.000542709 0.000479787 0.000429515 0.000388508 0.000354471 0.000325796 0.000301329 0.00028022 0.000261831 0.000245676 0.000231373 0.000218626 0.000207196 0.000196891 
4.9 0.399658 0.0400216 0.0114916 0.00510323 0.00288531 0.00188992 0.00136148 0.00104619 0.000841453 0.000699808 0.000596915 0.000519249 0.000458789 0.000410526 0.000371186 0.000338552 0.000311074 0.00028764 0.000267431 0.000249832 0.000234376 0.000220697 0.000208509 0.000197582 0.000187733 
4.95 0.397671 0.0394533 0.01124 0.0049613 0.00279249 0.00182313 0.00131021 0.00100498 0.000807198 0.000670602 0.000571518 0.000496815 0.00043872 0.000392384 0.000354641 0.000323352 0.000297021 0.000274576 0.000255228 0.000238385 0.000223598 0.000210515 0.00019886 0.000188416 0.000179003 
5 0.395712 0.0388974 0.0109954 0.00482392 0.00270295 0.00175886 0.00126095 0.000965444 0.000774372 0.000642638 0.000547217 0.000475362 0.000419538 0.00037505 0.000338839 0.000308839 0.000283607 0.000262108 0.000243583 0.000227464 0.000213317 0.000200803 0.00018966 0.000179675 0.000170679 
5.05 0.393781 0.0383536 0.0107576 0.00469095 0.00261656 0.001697 0.00121364 0.000927518 0.000742914 0.000615863 0.000523966 0.000454847 0.000401202 0.000358488 0.000323746 0.000294981 0.000270801 0.000250209 0.000232473 0.000217046 0.00020351 0.000191541 0.000180886 0.000171341 0.000162743 
5.1 0.391877 0.0378216 0.0105263 0.00456222 0.00253321 0.00163747 0.00116818 0.000891131 0.000712767 0.000590225 0.000501718 0.000435228 0.000383677 0.000342664 0.000309331 0.000281749 0.000258577 0.000238852 0.000221871 0.000207106 0.000194155 0.000182708 0.000172519 0.000163395 0.000155177 
5.15 0.389999 0.0373009 0.0103013 0.00443758 0.00245278 0.00158016 0.0011245 0.00085622 0.000683874 0.000565675 0.000480429 0.000416466 0.000366924 0.000327544 0.000295561 0.000269114 0.000246907 0.000228014 0.000211755 0.000197623 0.000185232 0.000174283 0.000164541 0.000155818 0.000147964 
5.2 0.388146 0.0367913 0.0100824 0.00431689 0.00237516 0.00152499 0.00108253 0.000822724 0.000656182 0.000542166 0.000460057 0.000398523 0.000350911 0.000313097 0.00028241 0.00025705 0.000235767 0.000217669 0.000202101 0.000188576 0.00017672 0.000166248 0.000156932 0.000148593 0.000141086 
5.25 0.386319 0.0362926 0.00986954 0.00420002 0.00230025 0.00147188 0.0010422 0.000790583 0.000629641 0.000519654 0.000440563 0.000381363 0.000335604 0.000299293 0.000269847 0.000245529 0.000225133 0.000207796 0.00019289 0.000179944 0.000168601 0.000158584 0.000149676 0.000141704 0.000134529 
5.3 0.384517 0.0358043 0.00966238 0.00408682 0.00222794 0.00142074 0.00100345 0.000759741 0.000604201 0.000498096 0.000421909 0.000364952 0.000320971 0.000286103 0.000257848 0.000234528 0.00021498 0.000198373 0.0001841 0.000171709 0.000160856 0.000151275 0.000142756 0.000135135 0.000128277 
5.35 0.382739 0.0353262 0.0094608 0.00397718 0.00215814 0.00137151 0.000966208 0.000730145 0.000579816 0.00047745 0.000404056 0.000349255 0.000306984 0.000273499 0.000246386 0.000224024 0.000205288 0.000189379 0.000175713 0.000163853 0.000153468 0.000144303 0.000136157 0.000128871 0.000122317 
5.4 0.380984 0.0348581 0.00926461 0.00387097 0.00209076 0.0013241 0.000930416 0.000701743 0.000556441 0.000457678 0.000386972 0.000334243 0.000293612 0.000261456 0.000235438 0.000213992 0.000196035 0.000180795 0.000167709 0.000156357 0.00014642 0.000137654 0.000129864 0.000122898 0.000116634 
5.45 0.379253 0.0343997 0.00907365 0.00376807 0.0020257 0.00127844 0.000896015 0.000674485 0.000534034 0.000438741 0.000370621 0.000319884 0.000280829 0.000249947 0.00022498 0.000204413 0.000187202 0.000172602 0.000160071 0.000149205 0.000139698 0.000131312 0.000123863 0.000117203 0.000111216 
5.5 0.377544 0.0339507 0.00888775 0.00366836 0.00196289 0.00123447 0.000862949 0.000648324 0.000512554 0.000420604 0.000354973 0.000306151 0.000268609 0.00023895 0.000214989 0.000195265 0.000178769 0.000164782 0.000152783 0.000142382 0.000133284 0.000125263 0.000118139 0.000111773 0.00010605 
5.55 0.375858 0.0335108 0.00870676 0.00357174 0.00190223 0.00119213 0.000831165 0.000623215 0.000491961 0.000403232 0.000339996 0.000293015 0.000256926 0.000228441 0.000205446 0.00018653 0.000170718 0.000157318 0.000145828 0.000135872 0.000127167 0.000119493 0.000112681 0.000106594 0.000101124 
5.6 0.374193 0.0330799 0.00853052 0.0034781 0.00184365 0.00115134 0.000800611 0.000599114 0.000472218 0.000386593 0.000325662 0.00028045 0.000245757 0.000218398 0.00019633 0.000178188 0.000163031 0.000150194 0.000139191 0.000129661 0.000121331 0.00011399 0.000107476 0.000101656 9.64276e-05 
5.65 0.37255 0.0326577 0.0083589 0.00338734 0.00178707 0.00111205 0.000771237 0.000575979 0.00045329 0.000370656 0.000311942 0.000268431 0.000235079 0.000208801 0.000187621 0.000170221 0.000155693 0.000143394 0.000132857 0.000123734 0.000115763 0.000108742 0.000102512 9.69478e-05 9.19499e-05 
5.7 0.370927 0.0322439 0.00819174 0.00329936 0.00173242 0.00107419 0.000742997 0.000553772 0.000435141 0.000355389 0.00029881 0.000256934 0.00022487 0.00019963 0.000179302 0.000162613 0.000148687 0.000136904 0.000126813 0.00011808 0.000110452 0.000103735 9.77774e-05 9.24579e-05 8.76806e-05 
5.75 0.369325 0.0318385 0.00802892 0.00321407 0.00167963 0.00103773 0.000715845 0.000532453 0.00041774 0.000340765 0.00028624 0.000245936 0.000215109 0.000190865 0.000171354 0.000155347 0.000141998 0.000130708 0.000121045 0.000112685 0.000105386 9.89604e-05 9.32624e-05 8.81764e-05 8.361e-05 
5.8 0.367743 0.031441 0.00787029 0.00313137 0.00162862 0.00100259 0.000689738 0.000511986 0.000401055 0.000326756 0.000274208 0.000235416 0.000205777 0.000182488 0.000163762 0.000148408 0.000135611 0.000124795 0.00011554 0.000107538 0.000100553 9.44057e-05 8.89564e-05 8.40937e-05 7.97288e-05 
5.85 0.366181 0.0310514 0.00771574 0.00305118 0.00157935 0.000968737 0.000664633 0.000492336 0.000385055 0.000313336 0.000262691 0.000225352 0.000196854 0.000174483 0.000156508 0.000141781 0.000129514 0.00011915 0.000110287 0.000102626 9.59418e-05 9.00614e-05 8.48498e-05 8.02006e-05 7.60282e-05 
5.9 0.364638 0.0306693 0.00756514 0.00297341 0.00153173 0.000936113 0.000640491 0.000473469 0.000369712 0.000300479 0.000251666 0.000215724 0.000188323 0.000166832 0.000149578 0.000135452 0.000123692 0.000113762 0.000105274 9.79398e-05 9.15432e-05 8.59176e-05 8.09334e-05 7.64881e-05 7.24997e-05 
5.95 0.363114 0.0302948 0.00741836 0.00289798 0.00148572 0.000904672 0.000617274 0.000455354 0.000354998 0.000288162 0.000241112 0.000206513 0.000180165 0.00015952 0.000142958 0.000129407 0.000118133 0.000108619 0.00010049 9.34684e-05 8.73469e-05 8.1965e-05 7.71982e-05 7.29478e-05 6.91354e-05 
6 0.361608 0.0299274 0.0072753 0.00282481 0.00144124 0.000874371 0.000594944 0.00043796 0.000340887 0.00027636 0.000231008 0.000197701 0.000172365 0.000152532 0.000136633 0.000123634 0.000112826 0.00010371 9.59237e-05 8.92019e-05 8.33437e-05 7.81949e-05 7.36359e-05 6.9572e-05 6.59276e-05 
6.05 0.360121 0.0295672 0.00713584 0.00275383 0.00139826 0.000845164 0.000573466 0.000421256 0.000327354 0.000265054 0.000221335 0.000189271 0.000164907 0.000145852 0.00013059 0.000118121 0.000107759 9.90232e-05 9.15661e-05 8.5131e-05 7.95245e-05 7.45988e-05 7.02384e-05 6.63527e-05 6.28689e-05 
6.1 0.358651 0.0292138 0.00699988 0.00268496 0.00135671 0.00081701 0.000552807 0.000405215 0.000314374 0.00025422 0.000212075 0.000181205 0.000157775 0.000139468 0.000124817 0.000112855 0.00010292 9.45497e-05 8.74074e-05 8.12466e-05 7.5881e-05 7.11685e-05 6.69981e-05 6.32827e-05 5.99525e-05 
6.15 0.357199 0.0288671 0.00686731 0.00261814 0.00131654 0.00078987 0.000532934 0.00038981 0.000301924 0.00024384 0.000203209 0.000173488 0.000150955 0.000133366 0.000119301 0.000107825 9.83005e-05 9.02793e-05 8.34385e-05 7.75401e-05 7.24051e-05 6.78964e-05 6.39078e-05 6.03552e-05 5.71716e-05 
6.2 0.355764 0.028527 0.00673803 0.00255329 0.00127771 0.000763704 0.000513816 0.000375014 0.000289982 0.000233893 0.000194721 0.000166105 0.000144434 0.000127534 0.000114031 0.000103021 9.38892e-05 8.62028e-05 7.96506e-05 7.40034e-05 6.90889e-05 6.47753e-05 6.09604e-05 5.75634e-05 5.45201e-05 
6.25 0.354347 0.0281933 0.00661195 0.00249034 0.00124016 0.000738476 0.000495423 0.000360803 0.000278528 0.000224362 0.000186593 0.00015904 0.000138198 0.000121959 0.000108995 9.84328e-05 8.96771e-05 8.23113e-05 7.60355e-05 7.06287e-05 6.59251e-05 6.17981e-05 5.81493e-05 5.49011e-05 5.19918e-05 
6.3 0.352945 0.0278658 0.00648897 0.00242925 0.00120384 0.00071415 0.000477726 0.000347154 0.00026754 0.000215228 0.000178811 0.000152281 0.000132234 0.000116631 0.000104184 9.40503e-05 8.56552e-05 7.85965e-05 7.25852e-05 6.74085e-05 6.29068e-05 5.89582e-05 5.54682e-05 5.23622e-05 4.95811e-05 
6.35 0.35156 0.0275443 0.006369 0.00236994 0.00116873 0.000690693 0.000460699 0.000334042 0.000256999 0.000206475 0.00017136 0.000145812 0.000126531 0.000111537 9.9587e-05 8.98643e-05 8.18147e-05 7.50502e-05 6.92922e-05 6.43357e-05 6.00271e-05 5.62492e-05 5.29111e-05 4.99411e-05 4.72824e-05 
6.4 0.350191 0.0272288 0.00625195 0.00231236 0.00113476 0.00066807 0.000444313 0.000321447 0.000246886 0.000198087 0.000164225 0.000139623 0.000121076 0.000106668 9.51945e-05 8.58659e-05 7.81474e-05 7.16648e-05 6.61492e-05 6.14035e-05 5.72798e-05 5.36651e-05 5.04722e-05 4.76322e-05 4.50905e-05 
6.45 0.348837 0.0269191 0.00613773 0.00225645 0.00110191 0.000646251 0.000428546 0.000309347 0.000237184 0.000190047 0.000157393 0.000133701 0.00011586 0.000102014 9.09974e-05 8.20468e-05 7.46456e-05 6.84329e-05 6.31496e-05 5.86056e-05 5.46586e-05 5.12001e-05 4.81461e-05 4.54304e-05 4.30004e-05 
6.5 0.347499 0.026615 0.00602628 0.00220215 0.00107012 0.000625205 0.000413371 0.000297722 0.000227876 0.000182342 0.000150851 0.000128033 0.000110872 9.75655e-05 8.6987e-05 7.83987e-05 7.13017e-05 6.53475e-05 6.02865e-05 5.59357e-05 5.21579e-05 4.88487e-05 4.59275e-05 4.33306e-05 4.10075e-05 
6.55 0.346175 0.0263164 0.00591749 0.00214942 0.00103937 0.000604904 0.000398766 0.000286553 0.000218945 0.000174958 0.000144586 0.00012261 0.0001061 9.33127e-05 8.31548e-05 7.49141e-05 6.81085e-05 6.24021e-05 5.7554e-05 5.33879e-05 4.97719e-05 4.66057e-05 4.38114e-05 4.13281e-05 3.91072e-05 
6.6 0.344867 0.0260232 0.00581131 0.0020982 0.00100962 0.00058532 0.000384708 0.000275821 0.000210375 0.000167879 0.000138586 0.00011742 0.000101537 8.92472e-05 7.9493e-05 7.15855e-05 6.50593e-05 5.95901e-05 5.49458e-05 5.09566e-05 4.74956e-05 4.4466e-05 4.17931e-05 3.94184e-05 3.72951e-05 
6.65 0.343573 0.0257353 0.00570765 0.00204844 0.00098083 0.000566425 0.000371177 0.000265509 0.000202152 0.000161095 0.00013284 0.000112453 9.71728e-05 8.53607e-05 7.59938e-05 6.84059e-05 6.21474e-05 5.69055e-05 5.24564e-05 4.86366e-05 4.53237e-05 4.24248e-05 3.98681e-05 3.75971e-05 3.55673e-05 
6.7 0.342293 0.0254524 0.00560644 0.0020001 0.000952967 0.000548194 0.000358151 0.0002556 0.000194261 0.000154591 0.000127337 0.0001077 9.29983e-05 8.16453e-05 7.265e-05 6.53686e-05 5.93667e-05 5.43425e-05 5.00804e-05 4.64226e-05 4.32515e-05 4.04777e-05 3.8032e-05 3.58603e-05 3.39196e-05 
6.75 0.341028 0.0251746 0.00550762 0.00195313 0.000926 0.000530602 0.00034561 0.000246078 0.000186688 0.000148357 0.000122067 0.00010315 8.90055e-05 7.80932e-05 6.94547e-05 6.24671e-05 5.67112e-05 5.18957e-05 4.78125e-05 4.43098e-05 4.12744e-05 3.86202e-05 3.62807e-05 3.42039e-05 3.23485e-05 
6.8 0.339776 0.0249016 0.00541111 0.00190748 0.000899897 0.000513625 0.000333537 0.000236927 0.000179421 0.000142381 0.000117019 9.87961e-05 8.51864e-05 7.46974e-05 6.64011e-05 5.96955e-05 5.41753e-05 4.95596e-05 4.56478e-05 4.22937e-05 3.93881e-05 3.68483e-05 3.46103e-05 3.26242e-05 3.08503e-05 
6.85 0.338537 0.0246334 0.00531685 0.00186312 0.000874628 0.00049724 0.000321912 0.000228131 0.000172446 0.000136652 0.000112184 9.46288e-05 8.15333e-05 7.14509e-05 6.34831e-05 5.70477e-05 5.17535e-05 4.73292e-05 4.35816e-05 4.03696e-05 3.75883e-05 3.51579e-05 3.30171e-05 3.11177e-05 2.94217e-05 
6.9 0.337312 0.0243699 0.00522477 0.00182001 0.000850163 0.000481427 0.000310718 0.000219677 0.000165752 0.000131159 0.000107553 9.06401e-05 7.80389e-05 6.8347e-05 6.06944e-05 5.45183e-05 4.94407e-05 4.51998e-05 4.16094e-05 3.85335e-05 3.5871e-05 3.35453e-05 3.14974e-05 2.9681e-05 2.80594e-05 
6.95 0.3361 0.0241109 0.00513483 0.00177809 0.000826476 0.000466162 0.000299938 0.000211551 0.000159326 0.000125893 0.000103117 8.68223e-05 7.46963e-05 6.53794e-05 5.80294e-05 5.21019e-05 4.72319e-05 4.31668e-05 3.97268e-05 3.67812e-05 3.42325e-05 3.2007e-05 3.00479e-05 2.83107e-05 2.67604e-05 
7 0.334901 0.0238564 0.00504694 0.00173735 0.000803538 0.000451426 0.000289557 0.00020374 0.000153159 0.000120844 9.88683e-05 8.31681e-05 7.14988e-05 6.25421e-05 5.54824e-05 4.97934e-05 4.51225e-05 4.12257e-05 3.79299e-05 3.5109e-05 3.26691e-05 3.05394e-05 2.86653e-05 2.70039e-05 2.55216e-05 
7.05 0.333715 0.0236062 0.00496107 0.00169773 0.000781325 0.0004372 0.000279559 0.000196231 0.000147238 0.000116003 9.4798e-05 7.96702e-05 6.844e-05 5.98292e-05 5.30483e-05 4.75881e-05 4.31079e-05 3.93724e-05 3.62147e-05 3.35131e-05 3.11774e-05 2.91394e-05 2.73465e-05 2.57576e-05 2.43403e-05 
7.1 0.33254 0.0233602 0.00487715 0.0016592 0.00075981 0.000423464 0.000269929 0.000189013 0.000141555 0.000111361 9.08988e-05 7.63218e-05 6.55139e-05 5.72354e-05 5.07219e-05 4.54811e-05 4.11838e-05 3.7603e-05 3.45774e-05 3.19901e-05 2.97541e-05 2.78037e-05 2.60885e-05 2.4569e-05 2.32139e-05 
7.15 0.331378 0.0231184 0.00479513 0.00162173 0.000738971 0.000410201 0.000260653 0.000182072 0.000136099 0.000106911 8.71634e-05 7.31166e-05 6.27146e-05 5.47553e-05 4.84986e-05 4.34682e-05 3.93462e-05 3.59135e-05 3.30145e-05 3.05366e-05 2.8396e-05 2.65296e-05 2.48886e-05 2.34353e-05 2.21397e-05 
7.2 0.330228 0.0228807 0.00471496 0.00158529 0.000718783 0.000397393 0.000251718 0.000175399 0.000130861 0.000102643 8.35849e-05 7.00484e-05 6.00366e-05 5.23839e-05 4.63736e-05 4.15451e-05 3.75912e-05 3.43003e-05 3.15226e-05 2.91494e-05 2.71002e-05 2.5314e-05 2.37441e-05 2.23542e-05 2.11153e-05 
7.25 0.32909 0.0226469 0.00463659 0.00154985 0.000699224 0.000385024 0.000243109 0.000168983 0.000125832 9.85496e-05 8.01564e-05 6.7111e-05 5.74745e-05 5.01164e-05 4.43427e-05 3.97078e-05 3.5915e-05 3.27601e-05 3.00985e-05 2.78256e-05 2.58637e-05 2.41543e-05 2.26524e-05 2.1323e-05 2.01385e-05 
7.3 0.327964 0.022417 0.00455996 0.00151536 0.000680273 0.000373077 0.000234815 0.000162812 0.000121003 9.46245e-05 7.68717e-05 6.42991e-05 5.50233e-05 4.79482e-05 4.24015e-05 3.79524e-05 3.4314e-05 3.12894e-05 2.87391e-05 2.65621e-05 2.46838e-05 2.30479e-05 2.1611e-05 2.03396e-05 1.92069e-05 
7.35 0.326849 0.0221909 0.00448504 0.00148181 0.00066191 0.000361537 0.000226824 0.000156879 0.000116367 9.08601e-05 7.37245e-05 6.1607e-05 5.26781e-05 4.58748e-05 4.05461e-05 3.62752e-05 3.2785e-05 2.98851e-05 2.74413e-05 2.53563e-05 2.3558e-05 2.19924e-05 2.06177e-05 1.94016e-05 1.83186e-05 
7.4 0.325745 0.0219685 0.00441177 0.00144916 0.000644113 0.000350389 0.000219124 0.000151173 0.000111915 8.72498e-05 7.07091e-05 5.90296e-05 5.04343e-05 4.38922e-05 3.87727e-05 3.46727e-05 3.13245e-05 2.85443e-05 2.62025e-05 2.42054e-05 2.24838e-05 2.09854e-05 1.96701e-05 1.8507e-05 1.74714e-05 
7.45 0.324652 0.0217497 0.00434011 0.00141739 0.000626864 0.00033962 0.000211703 0.000145685 0.000107639 8.37871e-05 6.78197e-05 5.65619e-05 4.82874e-05 4.19962e-05 3.70777e-05 3.31416e-05 2.99295e-05 2.72639e-05 2.50199e-05 2.31071e-05 2.14587e-05 2.00246e-05 1.87663e-05 1.76538e-05 1.66636e-05 
7.5 0.32357 0.0215344 0.00427001 0.00138647 0.000610145 0.000329215 0.000204552 0.000140406 0.000103534 8.04659e-05 6.50511e-05 5.41993e-05 4.62333e-05 4.01832e-05 3.54574e-05 3.16788e-05 2.85971e-05 2.60414e-05 2.3891e-05 2.20588e-05 2.04806e-05 1.9108e-05 1.79041e-05 1.684e-05 1.58932e-05 
7.55 0.322498 0.0213226 0.00420145 0.00135637 0.000593937 0.00031916 0.000197659 0.000135329 9.95906e-05 7.72801e-05 6.23981e-05 5.19371e-05 4.42678e-05 3.84493e-05 3.39087e-05 3.0281e-05 2.73245e-05 2.4874e-05 2.28132e-05 2.10583e-05 1.95472e-05 1.82336e-05 1.70817e-05 1.60639e-05 1.51585e-05 
7.6 0.321437 0.0211143 0.00413436 0.00132706 0.000578223 0.000309445 0.000191016 0.000130444 9.58035e-05 7.42242e-05 5.98558e-05 4.97711e-05 4.23871e-05 3.67912e-05 3.24283e-05 2.89454e-05 2.61089e-05 2.37593e-05 2.17844e-05 2.01034e-05 1.86566e-05 1.73992e-05 1.62971e-05 1.53236e-05 1.44578e-05 
7.65 0.320387 0.0209092 0.00406873 0.00129854 0.000562987 0.000300055 0.000184612 0.000125746 9.21661e-05 7.12927e-05 5.74195e-05 4.76971e-05 4.05875e-05 3.52054e-05 3.10132e-05 2.76692e-05 2.49477e-05 2.26948e-05 2.08022e-05 1.9192e-05 1.78067e-05 1.66032e-05 1.55487e-05 1.46176e-05 1.37897e-05 
7.7 0.319346 0.0207074 0.0040045 0.00127076 0.000548213 0.00029098 0.000178438 0.000121225 8.86722e-05 6.84806e-05 5.50846e-05 4.57111e-05 3.88654e-05 3.36888e-05 2.96604e-05 2.64497e-05 2.38386e-05 2.16783e-05 1.98645e-05 1.83221e-05 1.69956e-05 1.58438e-05 1.48348e-05 1.39441e-05 1.31524e-05 
7.75 0.318316 0.0205087 0.00394164 0.00124371 0.000533884 0.000282207 0.000172486 0.000116876 8.53161e-05 6.57827e-05 5.2847e-05 4.38093e-05 3.72175e-05 3.22384e-05 2.83673e-05 2.52845e-05 2.27791e-05 2.07076e-05 1.89693e-05 1.74918e-05 1.62217e-05 1.51192e-05 1.41538e-05 1.33018e-05 1.25448e-05 
7.8 0.317295 0.0203132 0.00388012 0.00121736 0.000519987 0.000273727 0.000166748 0.000112691 8.20921e-05 6.31943e-05 5.07024e-05 4.19881e-05 3.56405e-05 3.08511e-05 2.71311e-05 2.4171e-05 2.17671e-05 1.97807e-05 1.81147e-05 1.66993e-05 1.54832e-05 1.44279e-05 1.35041e-05 1.26892e-05 1.19652e-05 
7.85 0.316284 0.0201207 0.00381989 0.0011917 0.000506507 0.000265529 0.000161215 0.000108665 7.89949e-05 6.07109e-05 4.86469e-05 4.02441e-05 3.41314e-05 2.95243e-05 2.59494e-05 2.3107e-05 2.08003e-05 1.88955e-05 1.72988e-05 1.59429e-05 1.47784e-05 1.37683e-05 1.28844e-05 1.21049e-05 1.14125e-05 
7.9 0.315283 0.0199312 0.00376093 0.0011667 0.00049343 0.000257603 0.000155879 0.00010479 7.60194e-05 5.83282e-05 4.66767e-05 3.85739e-05 3.26871e-05 2.82553e-05 2.48196e-05 2.20903e-05 1.98769e-05 1.80502e-05 1.65198e-05 1.52209e-05 1.41058e-05 1.3139e-05 1.22932e-05 1.15475e-05 1.08854e-05 
7.95 0.314291 0.0197446 0.00370321 0.00114235 0.000480742 0.000249938 0.000150733 0.000101061 7.31605e-05 5.60419e-05 4.47883e-05 3.69744e-05 3.13049e-05 2.70415e-05 2.37396e-05 2.11186e-05 1.89947e-05 1.72429e-05 1.57761e-05 1.45318e-05 1.3464e-05 1.25385e-05 1.17292e-05 1.10159e-05 1.03828e-05 
8 0.313309 0.0195608 0.00364669 0.00111862 0.000468431 0.000242526 0.00014577 9.7472e-05 7.04136e-05 5.38481e-05 4.29782e-05 3.54424e-05 2.99821e-05 2.58806e-05 2.27071e-05 2.01901e-05 1.8152e-05 1.6472e-05 1.50661e-05 1.3874e-05 1.28515e-05 1.19656e-05 1.11912e-05 1.05089e-05 9.90335e-06 
8.05 0.312335 0.0193799 0.00359134 0.0010955 0.000456485 0.000235358 0.000140984 9.40178e-05 6.77742e-05 5.17428e-05 4.1243e-05 3.39752e-05 2.8716e-05 2.47701e-05 2.17199e-05 1.93028e-05 1.73469e-05 1.57358e-05 1.43882e-05 1.32462e-05 1.2267e-05 1.1419e-05 1.06779e-05 1.00252e-05 9.44614e-06 
8.1 0.311371 0.0192017 0.00353713 0.00107297 0.000444892 0.000228425 0.000136366 9.06929e-05 6.52379e-05 4.97226e-05 3.95796e-05 3.25699e-05 2.75043e-05 2.37079e-05 2.07761e-05 1.84548e-05 1.65778e-05 1.50327e-05 1.3741e-05 1.26469e-05 1.17092e-05 1.08974e-05 1.01883e-05 9.56389e-06 9.0101e-06 
8.15 0.310415 0.0190261 0.00348403 0.00105101 0.000433639 0.000221719 0.000131912 8.74923e-05 6.28006e-05 4.77837e-05 3.7985e-05 3.12239e-05 2.63445e-05 2.26918e-05 1.98738e-05 1.76445e-05 1.58431e-05 1.43612e-05 1.31231e-05 1.20748e-05 1.11769e-05 1.03998e-05 9.7212e-06 9.12386e-06 8.59424e-06 
8.2 0.309468 0.0188533 0.00343202 0.0010296 0.000422716 0.000215231 0.000127615 8.44113e-05 6.04583e-05 4.5923e-05 3.64563e-05 2.99346e-05 2.52343e-05 2.17198e-05 1.90111e-05 1.687e-05 1.51412e-05 1.37199e-05 1.25331e-05 1.15288e-05 1.06688e-05 9.92496e-06 9.27559e-06 8.70414e-06 8.19763e-06 
8.25 0.30853 0.0186829 0.00338106 0.00100873 0.000412112 0.000208955 0.000123469 8.1445e-05 5.82071e-05 4.41371e-05 3.49906e-05 2.86997e-05 2.41718e-05 2.079e-05 1.81862e-05 1.61298e-05 1.44706e-05 1.31074e-05 1.19698e-05 1.10076e-05 1.0184e-05 9.47189e-06 8.85047e-06 8.30379e-06 7.81938e-06 
8.3 0.3076 0.0185151 0.00333114 0.000988384 0.000401817 0.000202882 0.000119469 7.85891e-05 5.60433e-05 4.24229e-05 3.35854e-05 2.75167e-05 2.31547e-05 1.99006e-05 1.73975e-05 1.54224e-05 1.383e-05 1.25225e-05 1.1432e-05 1.051e-05 9.72131e-06 9.03958e-06 8.4449e-06 7.92191e-06 7.45862e-06 
8.35 0.306678 0.0183498 0.00328222 0.000968544 0.000391821 0.000197006 0.000115609 7.58393e-05 5.39636e-05 4.07775e-05 3.22381e-05 2.63835e-05 2.21811e-05 1.90497e-05 1.66435e-05 1.47463e-05 1.3218e-05 1.19638e-05 1.09184e-05 1.00351e-05 9.27973e-06 8.62709e-06 8.05798e-06 7.55765e-06 7.11456e-06 
8.4 0.305765 0.0181869 0.00323427 0.000949197 0.000382114 0.000191319 0.000111883 7.31914e-05 5.19645e-05 3.91982e-05 3.09463e-05 2.52979e-05 2.12491e-05 1.82357e-05 1.59224e-05 1.41002e-05 1.26332e-05 1.14303e-05 1.04281e-05 9.58171e-06 8.85829e-06 8.23349e-06 7.68885e-06 7.21019e-06 6.78641e-06 
8.45 0.304859 0.0180264 0.00318729 0.000930328 0.000372686 0.000185815 0.000108288 7.06415e-05 5.00427e-05 3.7682e-05 2.97076e-05 2.42579e-05 2.03569e-05 1.74569e-05 1.5233e-05 1.34826e-05 1.20745e-05 1.09207e-05 9.95992e-06 9.14892e-06 8.45608e-06 7.85792e-06 7.3367e-06 6.87876e-06 6.47344e-06 
8.5 0.303962 0.0178681 0.00314123 0.000911924 0.000363529 0.000180488 0.000104818 6.81859e-05 4.81953e-05 3.62266e-05 2.85198e-05 2.32616e-05 1.95028e-05 1.67119e-05 1.45737e-05 1.28923e-05 1.15408e-05 1.04339e-05 9.51289e-06 8.73579e-06 8.07221e-06 7.49955e-06 7.00072e-06 6.5626e-06 6.17495e-06 
8.55 0.303072 0.0177122 0.00309609 0.000893971 0.000354634 0.000175331 0.000101468 6.58208e-05 4.64191e-05 3.48292e-05 2.73807e-05 2.2307e-05 1.86852e-05 1.59991e-05 1.39433e-05 1.23281e-05 1.10308e-05 9.96903e-06 9.08603e-06 8.34141e-06 7.70585e-06 7.15759e-06 6.68019e-06 6.26103e-06 5.89026e-06 
8.6 0.302191 0.0175585 0.00305183 0.000876456 0.000345993 0.000170339 9.8234e-05 6.35428e-05 4.47114e-05 3.34877e-05 2.62884e-05 2.13925e-05 1.79024e-05 1.53171e-05 1.33405e-05 1.17888e-05 1.05435e-05 9.525e-06 8.67844e-06 7.96493e-06 7.35619e-06 6.83128e-06 6.37439e-06 5.97336e-06 5.61873e-06 
8.65 0.301317 0.017407 0.00300844 0.000859367 0.000337598 0.000165506 9.51121e-05 6.13486e-05 4.30695e-05 3.21997e-05 2.52408e-05 2.05162e-05 1.7153e-05 1.46646e-05 1.2764e-05 1.12734e-05 1.00779e-05 9.10088e-06 8.28925e-06 7.60552e-06 7.02247e-06 6.51991e-06 6.08263e-06 5.69895e-06 5.35975e-06 
8.7 0.30045 0.0172577 0.00296589 0.000842692 0.00032944 0.000160826 9.20978e-05 5.92348e-05 4.14906e-05 3.09629e-05 2.42362e-05 1.96767e-05 1.64355e-05 1.40403e-05 1.22128e-05 1.07807e-05 9.6331e-06 8.69578e-06 7.91762e-06 7.26243e-06 6.70396e-06 6.22279e-06 5.80428e-06 5.43718e-06 5.11275e-06 
8.75 0.299591 0.0171104 0.00292416 0.000826419 0.000321513 0.000156294 8.91873e-05 5.71985e-05 3.99723e-05 2.97753e-05 2.32726e-05 1.88722e-05 1.57485e-05 1.34429e-05 1.16856e-05 1.03098e-05 9.20806e-06 8.30884e-06 7.56275e-06 6.93489e-06 6.39996e-06 5.93927e-06 5.53871e-06 5.18748e-06 4.87717e-06 
8.8 0.298739 0.0169652 0.00288324 0.000810537 0.000313808 0.000151906 8.63767e-05 5.52366e-05 3.85123e-05 2.8635e-05 2.23484e-05 1.81013e-05 1.50907e-05 1.28713e-05 1.11814e-05 9.85958e-06 8.80193e-06 7.93924e-06 7.22388e-06 6.6222e-06 6.10982e-06 5.66872e-06 5.28534e-06 4.94928e-06 4.65247e-06 
8.85 0.297894 0.0168221 0.0028431 0.000795035 0.00030632 0.000147655 8.36625e-05 5.33463e-05 3.71081e-05 2.75399e-05 2.14619e-05 1.73626e-05 1.4461e-05 1.23244e-05 1.06993e-05 9.42926e-06 8.41386e-06 7.5862e-06 6.90029e-06 6.32368e-06 5.83288e-06 5.41054e-06 5.0436e-06 4.72206e-06 4.43815e-06 
8.9 0.297057 0.0166809 0.00280373 0.000779902 0.000299041 0.000143538 8.1041e-05 5.15249e-05 3.57576e-05 2.64882e-05 2.06116e-05 1.66548e-05 1.38579e-05 1.18011e-05 1.02382e-05 9.01791e-06 8.04304e-06 7.24897e-06 6.59129e-06 6.0387e-06 5.56856e-06 5.16417e-06 4.81296e-06 4.5053e-06 4.23373e-06 
8.95 0.296226 0.0165417 0.0027651 0.000765127 0.000291964 0.00013955 7.85089e-05 4.97697e-05 3.44586e-05 2.54781e-05 1.9796e-05 1.59764e-05 1.32805e-05 1.13003e-05 9.7972e-06 8.62468e-06 7.68871e-06 6.92684e-06 6.29621e-06 5.76663e-06 5.31628e-06 4.92907e-06 4.59291e-06 4.29853e-06 4.03876e-06 
9 0.295402 0.0164044 0.00272721 0.000750702 0.000285084 0.000135686 7.60629e-05 4.80782e-05 3.32091e-05 2.4508e-05 1.90135e-05 1.53263e-05 1.27275e-05 1.0821e-05 9.37544e-06 8.24877e-06 7.35012e-06 6.61913e-06 6.01442e-06 5.50688e-06 5.07548e-06 4.70472e-06 4.38295e-06 4.10128e-06 3.8528e-06 
9.05 0.294586 0.016269 0.00269003 0.000736616 0.000278393 0.000131942 7.37e-05 4.6448e-05 3.20071e-05 2.35763e-05 1.82629e-05 1.47033e-05 1.2198e-05 1.03624e-05 8.97205e-06 7.88942e-06 7.02657e-06 6.32518e-06 5.74533e-06 5.2589e-06 4.84564e-06 4.49062e-06 4.18263e-06 3.91311e-06 3.67542e-06 
9.1 0.293776 0.0161354 0.00265354 0.00072286 0.000271887 0.000128314 7.14171e-05 4.48768e-05 3.08509e-05 2.26812e-05 1.75427e-05 1.41061e-05 1.1691e-05 9.92353e-06 8.58623e-06 7.54588e-06 6.71739e-06 6.04439e-06 5.48835e-06 5.02214e-06 4.62626e-06 4.2863e-06 3.9915e-06 3.7336e-06 3.50624e-06 
9.15 0.292972 0.0160036 0.00261774 0.000709424 0.00026556 0.000124799 6.92114e-05 4.33622e-05 2.97384e-05 2.18215e-05 1.68518e-05 1.35338e-05 1.12054e-05 9.50351e-06 8.21721e-06 7.21745e-06 6.42192e-06 5.77616e-06 5.24293e-06 4.79611e-06 4.41685e-06 4.09132e-06 3.80913e-06 3.56236e-06 3.34486e-06 
9.2 0.292175 0.0158736 0.00258259 0.000696301 0.000259406 0.000121392 6.708e-05 4.19022e-05 2.86681e-05 2.09956e-05 1.6189e-05 1.29853e-05 1.07403e-05 9.10154e-06 7.86425e-06 6.90347e-06 6.13957e-06 5.51991e-06 5.00857e-06 4.5803e-06 4.21698e-06 3.90525e-06 3.63513e-06 3.39899e-06 3.19094e-06 
9.25 0.291385 0.0157453 0.0025481 0.000683481 0.000253419 0.00011809 6.50203e-05 4.04947e-05 2.76383e-05 2.02022e-05 1.55529e-05 1.24595e-05 1.02949e-05 8.71683e-06 7.52664e-06 6.60329e-06 5.86974e-06 5.27512e-06 4.78474e-06 4.37426e-06 4.02619e-06 3.72768e-06 3.46911e-06 3.24314e-06 3.04412e-06 
9.3 0.290601 0.0156188 0.00251424 0.000670956 0.000247595 0.000114889 6.30297e-05 3.91377e-05 2.66474e-05 1.94399e-05 1.49427e-05 1.19555e-05 9.86835e-06 8.34863e-06 7.2037e-06 6.31629e-06 5.61188e-06 5.04127e-06 4.57098e-06 4.17754e-06 3.84407e-06 3.55821e-06 3.3107e-06 3.09447e-06 2.90407e-06 
9.35 0.289823 0.0154939 0.002481 0.000658719 0.000241929 0.000111786 6.11057e-05 3.78294e-05 2.56938e-05 1.87075e-05 1.4357e-05 1.14723e-05 9.45979e-06 7.99623e-06 6.8948e-06 6.04191e-06 5.36544e-06 4.81787e-06 4.36684e-06 3.98971e-06 3.67024e-06 3.39649e-06 3.15955e-06 2.95263e-06 2.77049e-06 
9.4 0.289051 0.0153707 0.00244836 0.000646761 0.000236415 0.000108777 5.9246e-05 3.65677e-05 2.47762e-05 1.80038e-05 1.37951e-05 1.10092e-05 9.06848e-06 7.65893e-06 6.59931e-06 5.77957e-06 5.12992e-06 4.60443e-06 4.17187e-06 3.81038e-06 3.5043e-06 3.24214e-06 3.01532e-06 2.81731e-06 2.64307e-06 
9.45 0.288286 0.015249 0.00241632 0.000635075 0.000231049 0.00010586 5.74482e-05 3.53512e-05 2.3893e-05 1.73276e-05 1.32558e-05 1.05652e-05 8.69366e-06 7.33608e-06 6.31665e-06 5.52874e-06 4.90484e-06 4.40053e-06 3.98567e-06 3.63916e-06 3.3459e-06 3.09484e-06 2.87771e-06 2.68822e-06 2.52153e-06 
9.5 0.287526 0.015129 0.00238485 0.000623653 0.000225827 0.000103031 5.57101e-05 3.41779e-05 2.3043e-05 1.66778e-05 1.27383e-05 1.01396e-05 8.33464e-06 7.02706e-06 6.04625e-06 5.28892e-06 4.68972e-06 4.20573e-06 3.80783e-06 3.47567e-06 3.1947e-06 2.95427e-06 2.7464e-06 2.56507e-06 2.4056e-06 
9.55 0.286773 0.0150106 0.00235395 0.00061249 0.000220745 0.000100288 5.40297e-05 3.30463e-05 2.22248e-05 1.60534e-05 1.22416e-05 9.73149e-06 7.99073e-06 6.73126e-06 5.78758e-06 5.05961e-06 4.48412e-06 4.01962e-06 3.63798e-06 3.31957e-06 3.05037e-06 2.8201e-06 2.62111e-06 2.44757e-06 2.29501e-06 
9.6 0.286025 0.0148936 0.0023236 0.000601577 0.000215797 9.76274e-05 5.24048e-05 3.19549e-05 2.14372e-05 1.54533e-05 1.17648e-05 9.34025e-06 7.6613e-06 6.44811e-06 5.54012e-06 4.84035e-06 4.28762e-06 3.8418e-06 3.47575e-06 3.17053e-06 2.91259e-06 2.69206e-06 2.50155e-06 2.33548e-06 2.18953e-06 
9.65 0.285283 0.0147782 0.00229379 0.000590908 0.000210981 9.50467e-05 5.08336e-05 3.09021e-05 2.06791e-05 1.48766e-05 1.13073e-05 8.96513e-06 7.34572e-06 6.17707e-06 5.30338e-06 4.6307e-06 4.09981e-06 3.67192e-06 3.32081e-06 3.02821e-06 2.78107e-06 2.56986e-06 2.38747e-06 2.22854e-06 2.0889e-06 
9.7 0.284547 0.0146642 0.00226451 0.000580476 0.000206291 9.25432e-05 4.9314e-05 2.98865e-05 1.99492e-05 1.43223e-05 1.08681e-05 8.60545e-06 7.0434e-06 5.9176e-06 5.0769e-06 4.43023e-06 3.9203e-06 3.50961e-06 3.17282e-06 2.89232e-06 2.65551e-06 2.45322e-06 2.27862e-06 2.12651e-06 1.99292e-06 
9.75 0.283817 0.0145517 0.00223574 0.000570276 0.000201725 9.01145e-05 4.78443e-05 2.89067e-05 1.92465e-05 1.37895e-05 1.04465e-05 8.26058e-06 6.75378e-06 5.66922e-06 4.86021e-06 4.23854e-06 3.74872e-06 3.35453e-06 3.03148e-06 2.76256e-06 2.53566e-06 2.34191e-06 2.17475e-06 2.02917e-06 1.90136e-06 
9.8 0.283092 0.0144406 0.00220747 0.000560302 0.000197279 8.7758e-05 4.64228e-05 2.79614e-05 1.85699e-05 1.32774e-05 1.00418e-05 7.92987e-06 6.4763e-06 5.43143e-06 4.6529e-06 4.05524e-06 3.58473e-06 3.20635e-06 2.89647e-06 2.63866e-06 2.42124e-06 2.23567e-06 2.07563e-06 1.93631e-06 1.81402e-06 
9.85 0.282373 0.014331 0.0021797 0.000550547 0.000192948 8.54714e-05 4.50476e-05 2.70493e-05 1.79184e-05 1.27851e-05 9.65326e-06 7.61275e-06 6.21046e-06 5.20378e-06 4.45456e-06 3.87995e-06 3.42798e-06 3.06478e-06 2.76752e-06 2.52035e-06 2.31201e-06 2.13427e-06 1.98104e-06 1.84771e-06 1.73071e-06 
9.9 0.281659 0.0142227 0.00215242 0.000541005 0.00018873 8.32525e-05 4.37173e-05 2.61692e-05 1.72911e-05 1.23118e-05 9.28028e-06 7.30864e-06 5.95576e-06 4.98583e-06 4.26478e-06 3.71232e-06 3.27815e-06 2.92951e-06 2.64435e-06 2.40738e-06 2.20773e-06 2.03749e-06 1.89079e-06 1.76317e-06 1.65123e-06 
9.95 0.280951 0.0141157 0.0021256 0.000531672 0.000184622 8.1099e-05 4.24302e-05 2.53198e-05 1.66869e-05 1.18568e-05 8.92219e-06 7.017e-06 5.71173e-06 4.77716e-06 4.0832e-06 3.55202e-06 3.13493e-06 2.80025e-06 2.52669e-06 2.2995e-06 2.10819e-06 1.94513e-06 1.80466e-06 1.68252e-06 1.57542e-06 
10 0.280247 0.0140101 0.00209924 0.000522541 0.000180619 7.90087e-05 4.11848e-05 2.45001e-05 1.61051e-05 1.14193e-05 8.57838e-06 6.7373e-06 5.4779e-06 4.57738e-06 3.90946e-06 3.39872e-06 2.99803e-06 2.67675e-06 2.41431e-06 2.19649e-06 2.01315e-06 1.85696e-06 1.72247e-06 1.60557e-06 1.5031e-06 
10.05 0.27955 0.0139058 0.00207334 0.000513608 0.00017672 7.69798e-05 3.99797e-05 2.3709e-05 1.55447e-05 1.09987e-05 8.24827e-06 6.46905e-06 5.25385e-06 4.38609e-06 3.74322e-06 3.25212e-06 2.86716e-06 2.55874e-06 2.30697e-06 2.09811e-06 1.92242e-06 1.77282e-06 1.64405e-06 1.53216e-06 1.43411e-06 
10.1 0.278857 0.0138028 0.00204788 0.000504868 0.00017292 7.50101e-05 3.88135e-05 2.29453e-05 1.5005e-05 1.05943e-05 7.93129e-06 6.21176e-06 5.03915e-06 4.20293e-06 3.58414e-06 3.11191e-06 2.74207e-06 2.44597e-06 2.20443e-06 2.00417e-06 1.8358e-06 1.6925e-06 1.5692e-06 1.46211e-06 1.36829e-06 
10.15 0.278169 0.013701 0.00202285 0.000496315 0.000169218 7.30978e-05 3.76847e-05 2.22081e-05 1.4485e-05 1.02054e-05 7.62691e-06 5.96498e-06 4.83342e-06 4.02756e-06 3.43193e-06 2.97782e-06 2.62248e-06 2.33822e-06 2.10648e-06 1.91447e-06 1.75311e-06 1.61584e-06 1.49778e-06 1.39527e-06 1.30551e-06 
10.2 0.277487 0.0136005 0.00199825 0.000487944 0.00016561 7.12411e-05 3.65922e-05 2.14965e-05 1.39842e-05 9.8314e-06 7.33462e-06 5.72827e-06 4.63627e-06 3.85963e-06 3.28626e-06 2.84958e-06 2.50816e-06 2.23525e-06 2.01291e-06 1.8288e-06 1.67416e-06 1.54267e-06 1.42962e-06 1.33151e-06 1.24562e-06 
10.25 0.276809 0.0135012 0.00197405 0.000479752 0.000162093 6.9438e-05 3.55347e-05 2.08094e-05 1.35017e-05 9.47174e-06 7.05393e-06 5.50122e-06 4.44734e-06 3.69883e-06 3.14687e-06 2.72692e-06 2.39888e-06 2.13686e-06 1.92354e-06 1.74699e-06 1.59879e-06 1.47282e-06 1.36458e-06 1.27067e-06 1.18848e-06 
10.3 0.276137 0.0134031 0.00195027 0.000471733 0.000158665 6.7687e-05 3.45109e-05 2.0146e-05 1.30368e-05 9.12582e-06 6.78435e-06 5.28341e-06 4.26628e-06 3.54485e-06 3.01348e-06 2.60961e-06 2.29441e-06 2.04283e-06 1.83815e-06 1.66886e-06 1.52683e-06 1.40616e-06 1.30251e-06 1.21262e-06 1.13398e-06 
10.35 0.275469 0.0133061 0.00192688 0.000463884 0.000155323 6.59864e-05 3.35197e-05 1.95055e-05 1.25888e-05 8.79312e-06 6.52544e-06 5.07446e-06 4.09275e-06 3.39739e-06 2.88583e-06 2.4974e-06 2.19453e-06 1.95298e-06 1.75659e-06 1.59425e-06 1.45812e-06 1.34252e-06 1.24328e-06 1.15723e-06 1.08198e-06 
10.4 0.274806 0.0132104 0.00190388 0.0004562 0.000152066 6.43345e-05 3.256e-05 1.88869e-05 1.21572e-05 8.47311e-06 6.27676e-06 4.87401e-06 3.92643e-06 3.25617e-06 2.76366e-06 2.39008e-06 2.09904e-06 1.86711e-06 1.67867e-06 1.523e-06 1.39253e-06 1.28179e-06 1.18675e-06 1.10438e-06 1.03237e-06 
10.45 0.274148 0.0131157 0.00188126 0.000448676 0.000148889 6.27299e-05 3.16306e-05 1.82895e-05 1.17413e-05 8.16528e-06 6.0379e-06 4.6817e-06 3.76703e-06 3.12093e-06 2.64674e-06 2.28743e-06 2.00775e-06 1.78505e-06 1.60424e-06 1.45495e-06 1.3299e-06 1.22381e-06 1.1328e-06 1.05395e-06 9.85049e-07 
10.5 0.273494 0.0130222 0.00185901 0.000441309 0.000145792 6.1171e-05 3.07307e-05 1.77125e-05 1.13405e-05 7.86916e-06 5.80846e-06 4.4972e-06 3.61425e-06 2.99141e-06 2.53484e-06 2.18924e-06 1.92048e-06 1.70663e-06 1.53313e-06 1.38996e-06 1.2701e-06 1.16847e-06 1.08131e-06 1.00584e-06 9.39902e-07 
10.55 0.272846 0.0129298 0.00183712 0.000434096 0.000142771 5.96563e-05 2.98591e-05 1.71552e-05 1.09542e-05 7.58429e-06 5.58806e-06 4.32018e-06 3.4678e-06 2.86737e-06 2.42775e-06 2.09532e-06 1.83703e-06 1.63169e-06 1.46519e-06 1.3279e-06 1.21301e-06 1.11564e-06 1.03218e-06 9.59928e-07 8.96832e-07 
10.6 0.272201 0.0128385 0.00181559 0.000427031 0.000139826 5.81846e-05 2.90148e-05 1.66168e-05 1.05819e-05 7.31021e-06 5.37632e-06 4.15032e-06 3.32742e-06 2.74856e-06 2.32524e-06 2.00548e-06 1.75725e-06 1.56006e-06 1.40029e-06 1.26862e-06 1.1585e-06 1.06521e-06 9.85284e-07 9.16122e-07 8.55742e-07 
10.65 0.271562 0.0127483 0.00179442 0.000420112 0.000136952 5.67544e-05 2.81971e-05 1.60968e-05 1.0223e-05 7.04652e-06 5.17291e-06 3.98734e-06 3.19286e-06 2.63477e-06 2.22714e-06 1.91953e-06 1.68097e-06 1.49161e-06 1.33829e-06 1.21201e-06 1.10645e-06 1.01707e-06 9.40531e-07 8.74323e-07 8.16541e-07 
10.7 0.270926 0.0126591 0.00177358 0.000413335 0.000134149 5.53645e-05 2.74049e-05 1.55943e-05 9.8771e-06 6.79279e-06 4.97748e-06 3.83094e-06 3.06386e-06 2.52578e-06 2.13323e-06 1.83732e-06 1.60804e-06 1.42619e-06 1.27905e-06 1.15794e-06 1.05676e-06 9.71123e-07 8.9782e-07 8.34438e-07 7.79142e-07 
10.75 0.270296 0.0125709 0.00175308 0.000406696 0.000131415 5.40135e-05 2.66374e-05 1.51089e-05 9.5436e-06 6.54864e-06 4.78971e-06 3.68086e-06 2.9402e-06 2.42138e-06 2.04334e-06 1.75868e-06 1.53831e-06 1.36366e-06 1.22245e-06 1.10629e-06 1.0093e-06 9.27259e-07 8.57057e-07 7.9638e-07 7.43462e-07 
10.8 0.269669 0.0124837 0.00173291 0.000400192 0.000128747 5.27003e-05 2.58937e-05 1.46398e-05 9.22208e-06 6.3137e-06 4.60929e-06 3.53684e-06 2.82165e-06 2.32138e-06 1.9573e-06 1.68344e-06 1.47163e-06 1.3039e-06 1.16838e-06 1.05697e-06 9.63996e-07 8.85386e-07 8.18153e-07 7.60064e-07 7.09422e-07 
10.85 0.269047 0.0123976 0.00171306 0.00039382 0.000126144 5.14238e-05 2.51731e-05 1.41865e-05 8.91208e-06 6.08759e-06 4.43593e-06 3.39861e-06 2.708e-06 2.22559e-06 1.87495e-06 1.61147e-06 1.40787e-06 1.24678e-06 1.11672e-06 1.00986e-06 9.20734e-07 8.45414e-07 7.81023e-07 7.25411e-07 6.76946e-07 
10.9 0.26843 0.0123124 0.00169353 0.000387577 0.000123604 5.01827e-05 2.44748e-05 1.37484e-05 8.61318e-06 5.86999e-06 4.26934e-06 3.26596e-06 2.59903e-06 2.13383e-06 1.79611e-06 1.54261e-06 1.34691e-06 1.19219e-06 1.06736e-06 9.64864e-07 8.79424e-07 8.07256e-07 7.45585e-07 6.92345e-07 6.45962e-07 
10.95 0.267816 0.0122282 0.0016743 0.000381459 0.000121126 4.89759e-05 2.3798e-05 1.3325e-05 8.32495e-06 5.66055e-06 4.10925e-06 3.13864e-06 2.49455e-06 2.04592e-06 1.72063e-06 1.47673e-06 1.28861e-06 1.14001e-06 1.0202e-06 9.21886e-07 8.39979e-07 7.70828e-07 7.11763e-07 6.60791e-07 6.16401e-07 
11 0.267207 0.012145 0.00165538 0.000375463 0.000118706 4.78025e-05 2.31421e-05 1.29157e-05 8.04699e-06 5.45896e-06 3.95539e-06 3.01643e-06 2.39437e-06 1.96171e-06 1.64839e-06 1.4137e-06 1.23287e-06 1.09013e-06 9.75138e-07 8.80836e-07 8.02314e-07 7.36054e-07 6.79482e-07 6.30682e-07 5.88198e-07 
11.05 0.266602 0.0120627 0.00163675 0.000369587 0.000116345 4.66614e-05 2.25062e-05 1.25201e-05 7.77893e-06 5.26491e-06 3.80752e-06 2.89913e-06 2.29832e-06 1.88103e-06 1.57922e-06 1.3534e-06 1.17956e-06 1.04246e-06 9.32083e-07 8.41626e-07 7.66348e-07 7.02856e-07 6.48672e-07 6.0195e-07 5.6129e-07 
11.1 0.266 0.0119813 0.00161842 0.000363828 0.00011404 4.55516e-05 2.18899e-05 1.21376e-05 7.52038e-06 5.07811e-06 3.6654e-06 2.78653e-06 2.20621e-06 1.80374e-06 1.513e-06 1.29571e-06 1.12859e-06 9.96895e-07 8.90946e-07 8.04174e-07 7.32003e-07 6.71163e-07 6.19265e-07 5.74532e-07 5.35617e-07 
11.15 0.265403 0.0119009 0.00160037 0.000358182 0.000111789 4.44721e-05 2.12923e-05 1.17679e-05 7.271e-06 4.89828e-06 3.52879e-06 2.67845e-06 2.11789e-06 1.72969e-06 1.44961e-06 1.24051e-06 1.07984e-06 9.53338e-07 8.51638e-07 7.684e-07 6.99207e-07 6.40907e-07 5.91198e-07 5.48369e-07 5.11123e-07 
11.2 0.26481 0.0118213 0.0015826 0.000352648 0.000109592 4.3422e-05 2.07129e-05 1.14104e-05 7.03044e-06 4.72515e-06 3.39748e-06 2.57468e-06 2.03319e-06 1.65873e-06 1.38891e-06 1.18769e-06 1.03322e-06 9.11702e-07 8.14079e-07 7.34229e-07 6.6789e-07 6.12022e-07 5.64408e-07 5.23401e-07 4.87753e-07 
11.25 0.264221 0.0117426 0.0015651 0.000347222 0.000107447 4.24005e-05 2.0151e-05 1.10647e-05 6.79838e-06 4.55845e-06 3.27125e-06 2.47507e-06 1.95197e-06 1.59075e-06 1.3308e-06 1.13715e-06 9.88639e-07 8.71902e-07 7.7819e-07 7.01588e-07 6.37983e-07 5.84446e-07 5.38839e-07 4.99575e-07 4.65456e-07 
11.3 0.263636 0.0116648 0.00154787 0.000341902 0.000105351 4.14066e-05 1.96062e-05 1.07304e-05 6.57449e-06 4.39794e-06 3.14991e-06 2.37943e-06 1.87407e-06 1.52561e-06 1.27516e-06 1.08879e-06 9.46002e-07 8.33856e-07 7.43896e-07 6.70408e-07 6.09424e-07 5.58119e-07 5.14433e-07 4.76839e-07 4.44181e-07 
11.35 0.263055 0.0115878 0.00153091 0.000336686 0.000103305 4.04396e-05 1.90778e-05 1.04071e-05 6.35848e-06 4.24338e-06 3.03325e-06 2.28761e-06 1.79936e-06 1.4632e-06 1.22189e-06 1.04252e-06 9.05225e-07 7.97487e-07 7.11126e-07 6.40624e-07 5.82152e-07 5.32984e-07 4.91137e-07 4.55141e-07 4.23883e-07 
11.4 0.262477 0.0115117 0.0015142 0.000331571 0.000101307 3.94986e-05 1.85653e-05 1.00945e-05 6.15006e-06 4.09454e-06 2.92109e-06 2.19944e-06 1.72771e-06 1.40339e-06 1.17087e-06 9.9824e-07 8.66227e-07 7.62719e-07 6.79811e-07 6.12172e-07 5.56107e-07 5.08987e-07 4.68902e-07 4.34435e-07 4.04516e-07 
11.45 0.261904 0.0114364 0.00149775 0.000326555 9.93551e-05 3.85828e-05 1.80682e-05 9.79201e-06 5.94894e-06 3.9512e-06 2.81324e-06 2.11479e-06 1.65898e-06 1.34607e-06 1.12203e-06 9.55869e-07 8.28928e-07 7.29483e-07 6.49887e-07 5.84994e-07 5.31235e-07 4.86077e-07 4.47678e-07 4.14675e-07 3.86037e-07 
11.5 0.261334 0.0113619 0.00148155 0.000321635 9.74484e-05 3.76915e-05 1.75859e-05 9.49944e-06 5.75485e-06 3.81315e-06 2.70955e-06 2.0335e-06 1.59306e-06 1.29115e-06 1.07526e-06 9.15321e-07 7.93254e-07 6.97708e-07 6.21292e-07 5.5903e-07 5.07482e-07 4.64203e-07 4.2742e-07 3.95817e-07 3.68405e-07 
11.55 0.260767 0.0112882 0.00146558 0.000316809 9.55856e-05 3.6824e-05 1.71181e-05 9.21641e-06 5.56754e-06 3.68018e-06 2.60984e-06 1.95544e-06 1.52983e-06 1.23851e-06 1.03047e-06 8.76517e-07 7.59134e-07 6.67332e-07 5.93965e-07 5.34228e-07 4.84798e-07 4.4332e-07 4.08082e-07 3.77821e-07 3.51582e-07 
11.6 0.260205 0.0112153 0.00144986 0.000312075 9.37656e-05 3.59795e-05 1.66642e-05 8.94258e-06 5.38675e-06 3.5521e-06 2.51396e-06 1.88047e-06 1.46917e-06 1.18807e-06 9.87578e-07 8.39382e-07 7.26499e-07 6.38292e-07 5.6785e-07 5.10533e-07 4.63134e-07 4.2338e-07 3.89624e-07 3.60646e-07 3.35529e-07 
11.65 0.259646 0.0111432 0.00143438 0.000307432 9.19873e-05 3.51574e-05 1.62237e-05 8.67763e-06 5.21225e-06 3.42872e-06 2.42174e-06 1.80848e-06 1.41099e-06 1.13973e-06 9.46504e-07 8.03844e-07 6.95283e-07 6.10528e-07 5.42894e-07 4.87898e-07 4.42445e-07 4.04343e-07 3.72004e-07 3.44255e-07 3.20213e-07 
11.7 0.25909 0.0110719 0.00141912 0.000302876 9.02495e-05 3.43569e-05 1.57962e-05 8.42125e-06 5.0438e-06 3.30986e-06 2.33306e-06 1.73934e-06 1.35517e-06 1.09339e-06 9.07168e-07 7.69831e-07 6.65425e-07 5.83984e-07 5.19044e-07 4.66273e-07 4.22686e-07 3.86167e-07 3.55186e-07 3.28613e-07 3.05598e-07 
11.75 0.258539 0.0110013 0.00140409 0.000298406 8.85512e-05 3.35775e-05 1.53814e-05 8.17315e-06 4.88119e-06 3.19536e-06 2.24777e-06 1.67293e-06 1.30162e-06 1.04898e-06 8.69496e-07 7.37279e-07 6.36865e-07 5.58606e-07 4.9625e-07 4.45614e-07 4.03815e-07 3.68812e-07 3.39131e-07 3.13684e-07 2.91653e-07 
11.8 0.25799 0.0109315 0.00138928 0.00029402 8.68914e-05 3.28186e-05 1.49788e-05 7.93304e-06 4.7242e-06 3.08503e-06 2.16572e-06 1.60914e-06 1.25024e-06 1.00641e-06 8.33417e-07 7.06124e-07 6.09546e-07 5.34342e-07 4.74467e-07 4.25878e-07 3.85791e-07 3.52241e-07 3.23806e-07 2.99437e-07 2.78347e-07 
11.85 0.257445 0.0108624 0.00137468 0.000289716 8.5269e-05 3.20794e-05 1.4588e-05 7.70064e-06 4.57262e-06 2.97873e-06 2.08681e-06 1.54787e-06 1.20094e-06 9.65614e-07 7.98861e-07 6.76305e-07 5.83413e-07 5.11143e-07 4.53648e-07 4.07022e-07 3.68578e-07 3.3642e-07 3.09177e-07 2.8584e-07 2.6565e-07 
11.9 0.256904 0.010794 0.0013603 0.000285493 8.36831e-05 3.13596e-05 1.42086e-05 7.47569e-06 4.42626e-06 2.8763e-06 2.0109e-06 1.48901e-06 1.15365e-06 9.26504e-07 7.65765e-07 6.47764e-07 5.58415e-07 4.88962e-07 4.33751e-07 3.89007e-07 3.52138e-07 3.21313e-07 2.95212e-07 2.72862e-07 2.53535e-07 
11.95 0.256366 0.0107263 0.00134613 0.000281347 8.21328e-05 3.06584e-05 1.38403e-05 7.25793e-06 4.28493e-06 2.7776e-06 1.93787e-06 1.43247e-06 1.10827e-06 8.89014e-07 7.34065e-07 6.20445e-07 5.34501e-07 4.67753e-07 4.14734e-07 3.71796e-07 3.36435e-07 3.06888e-07 2.81881e-07 2.60477e-07 2.41974e-07 
12 0.255831 0.0106594 0.00133217 0.000277279 8.0617e-05 2.99754e-05 1.34827e-05 7.04712e-06 4.14844e-06 2.68247e-06 1.86761e-06 1.37815e-06 1.06472e-06 8.53075e-07 7.03701e-07 5.94297e-07 5.11624e-07 4.47475e-07 3.96558e-07 3.55352e-07 3.21438e-07 2.93115e-07 2.69155e-07 2.48656e-07 2.30943e-07 
